{
 "cells": [
  {
   "cell_type": "markdown",
   "id": "2736a2ac",
   "metadata": {},
   "source": [
    "# Anomaly Detection - MOG\n",
    "\n",
    "1. 관측 데이터가 다수의 가우시안 분포로부터 생성되었다고 가정하여 확률 밀도 함수 도출하기 \n",
    "\n",
    "2. E / M 알고리즘을 통해서 객체 확률 / 가우시안 파라미터들의 값을 각각 최적화하기 \n",
    "\n",
    "3. 적절한 가우시안 분포 개수 정하기 => class 밖에서 확인. \n",
    "\n",
    "**구현해야 하는 것**\n",
    "- $g(x|\\mu_m, \\sum_m) = \\frac{1}{(2\\pi)^{d/2} |\\sum_m|^{\\frac{1}{2}}}exp(\\frac{1}{2}(x-\\mu_m)^T\\sum_m^{-1}(x-\\mu_m))$\n",
    "- $p(x|\\lambda) = \\sum_{m=1}^Mw_mg(x|\\mu_m, \\sum_m)$\n",
    "\n",
    "- 임의의 파라미터 값들을 부여하기 \n",
    "\n",
    "- E Step : 가우시안 파라미터를 고정하여 객체 확률 값 계산 \n",
    "> $p(m|x_i, \\lambda) = \\frac{w_mg(x_i|\\mu_m, \\sum_m)}{\\sum_{k=1}^M w_mg(x_i|\\mu_m, \\sum_m)}$\n",
    "\n",
    "- M Step : 객체 확률 값을 고정하여 가우시안 파라미터 값들 계산하기 \n",
    "\n",
    "> $w_m^{new} = \\frac{1}{N} \\sum_{i=1}^N p(m|x_i, \\lambda)$ \n",
    "\n",
    "> $\\mu_m^{new} = \\frac{\\sum_{i=1}^N p(m|x_i, \\lambda)x_i}{\\sum_{i=1}^Np(m|x_i, \\lambda)}$\n",
    "\n",
    "> $\\sigma_m^{2(new)} = \\frac{\\sum_{i=1}^N p(m|x_i, \\lambda)x_i^2}{\\sum_{i=1}^N p(m|x_i,\\lambda)} - \\mu_m^{2(new)}$\n",
    "\n",
    "\n",
    "\n",
    "**필요한 것**\n",
    "- X \n",
    "- d \n",
    "- m\n",
    "- $\\lambda = {w_m, \\mu_m, \\sum_M}$ \n",
    "- Var_type : Spherical / diagonal / full \n",
    ">  이건 이번에 고려 X. 기본적으로 Diagonal을 가정 \n",
    "\n",
    "\n",
    "\n",
    "**함수의 형태**\n",
    "- def __init__(self, X, Var_type) : \n",
    "  \n",
    "- def lambda(self) : => m개의 [w_1, $\\mu_1, \\sum_1$] list를 포괄한 list제작 \n",
    "> 분산의 형태에 대해서 지정해줄 수 있어야 함. \n",
    "\n",
    "- def expectation(self) : self.lambda를 입력값으로 받아 self.p 값 업데이트 \n",
    "- def maximization(self) : self.p 를 입력값으로 받아 self.lambda 값 업데이트 \n",
    "\n",
    "- def sol(self) : E/M 과정의 답이 오차 내로 줄어들때까지 진행. 최후 우도값으로 반환할 수 있을 것. \n"
   ]
  },
  {
   "cell_type": "code",
   "execution_count": 16,
   "id": "aaa611ef",
   "metadata": {},
   "outputs": [],
   "source": [
    "import numpy as np\n",
    "import pandas as pd\n",
    "import random as rand\n",
    "\n",
    "from sklearn.datasets import load_iris\n",
    "X = load_iris()['data']\n",
    "\n",
    "import matplotlib.pyplot as plt\n",
    "import scipy as sc\n",
    "from scipy.stats import norm\n",
    "from sys import maxsize"
   ]
  },
  {
   "cell_type": "code",
   "execution_count": null,
   "id": "b5274ce3",
   "metadata": {},
   "outputs": [],
   "source": [
    "print(X['DESCR'])"
   ]
  },
  {
   "cell_type": "code",
   "execution_count": 67,
   "id": "63ac1709",
   "metadata": {},
   "outputs": [],
   "source": [
    "class MOG() : \n",
    "    def __init__(self, X, m) : \n",
    "        self.X = X \n",
    "        self.n = np.shape(X)[0] \n",
    "        self.d = np.shape(X)[1]\n",
    "        \n",
    "        self.m = m \n",
    "        \n",
    "        self.w, self.mu, self.sigma, self.cov = self.set_parameter()\n",
    "        self.p = self.expectation()\n",
    "        \n",
    "    def set_parameter(self) : \n",
    "        # w 는 m분의 1로 균등하게 부여 \n",
    "        w = np.ones(self.m) / self.m \n",
    "        \n",
    "        # mu는 각 변수들의 최소 ~ 최대 값 사이의 랜덤한 값으로 부여 \n",
    "        min_value = np.apply_along_axis(lambda a : np.min(a), 0, self.X)\n",
    "        max_value = np.apply_along_axis(lambda a : np.max(a), 0, self.X)\n",
    "        mu = [] \n",
    "        sigma = [] \n",
    "        for i in range(self.m) : \n",
    "            mu.append([np.random.uniform(max_value[j], min_value[j]) for j in range(self.d)])\n",
    "            sigma.append([np.random.uniform(max_value[j] - mu[i][j], mu[i][j] -min_value[j]) for j in range(self.d)])    \n",
    "        mu = np.array(mu)\n",
    "        sigma = np.array(sigma)\n",
    "        cov = [np.diag(sigma[i]) for i in range(self.m)] \n",
    "        \n",
    "        return w, mu, sigma, cov\n",
    "\n",
    "    \n",
    "    def g(self, x, m) : \n",
    "        x = np.array(x)\n",
    "        inv_cov = np.linalg.inv(self.cov[m])\n",
    "        upper_value =  np.exp((x-self.mu[m])@inv_cov@(x-self.mu[m]).T)\n",
    "        under_value = ((2*np.pi)**(self.d/2)) * np.sqrt((self.cov[m]**2).sum()) \n",
    "        return upper_value / under_value\n",
    "\n",
    "    def expectation(self): \n",
    "        p = np.zeros((self.n, self.m))\n",
    "        \n",
    "        for i in range(self.n) : \n",
    "            vector = np.array([self.g(self.X[i], j) for j in range(self.m)]) \n",
    "            p[i] = vector / vector.sum()\n",
    "        return p # m x n 행렬 \n",
    "    \n",
    "    def maximization(self) :\n",
    "        w = self.p.sum(axis= 0) / self.n\n",
    "        mu = \n",
    "   \n",
    "        "
   ]
  },
  {
   "cell_type": "code",
   "execution_count": 68,
   "id": "1654c86e",
   "metadata": {},
   "outputs": [
    {
     "data": {
      "text/plain": [
       "array([[7.13211164e-02, 9.25006366e-01, 3.67251805e-03],\n",
       "       [2.46660752e-02, 9.72613272e-01, 2.72065325e-03],\n",
       "       [1.24729454e-02, 9.84842757e-01, 2.68429779e-03],\n",
       "       [1.15580351e-02, 9.85201040e-01, 3.24092497e-03],\n",
       "       [4.55760471e-02, 9.50421151e-01, 4.00280207e-03],\n",
       "       [3.98161552e-01, 5.96650463e-01, 5.18798452e-03],\n",
       "       [1.07932583e-02, 9.85675557e-01, 3.53118498e-03],\n",
       "       [4.74639215e-02, 9.48586918e-01, 3.94916041e-03],\n",
       "       [7.35617729e-03, 9.90136685e-01, 2.50713821e-03],\n",
       "       [3.03604535e-02, 9.66435122e-01, 3.20442436e-03],\n",
       "       [3.74857748e-01, 6.21732703e-01, 3.40954878e-03],\n",
       "       [2.40343403e-02, 9.71455266e-01, 4.51039320e-03],\n",
       "       [1.84829333e-02, 9.78863212e-01, 2.65385505e-03],\n",
       "       [5.97232938e-03, 9.92256720e-01, 1.77095027e-03],\n",
       "       [9.38337095e-01, 6.13495351e-02, 3.13370008e-04],\n",
       "       [8.74878605e-01, 1.23776477e-01, 1.34491813e-03],\n",
       "       [3.07491483e-01, 6.88960095e-01, 3.54842138e-03],\n",
       "       [6.66042570e-02, 9.29628920e-01, 3.76682251e-03],\n",
       "       [8.94779619e-01, 1.04350595e-01, 8.69786630e-04],\n",
       "       [7.81849715e-02, 9.16526761e-01, 5.28826702e-03],\n",
       "       [4.03875697e-01, 5.92712740e-01, 3.41156390e-03],\n",
       "       [7.16564787e-02, 9.23309208e-01, 5.03431306e-03],\n",
       "       [8.42311711e-03, 9.89167476e-01, 2.40940708e-03],\n",
       "       [7.29510572e-02, 9.22016928e-01, 5.03201487e-03],\n",
       "       [3.25485461e-02, 9.60776249e-01, 6.67520534e-03],\n",
       "       [4.56034560e-02, 9.50899181e-01, 3.49736281e-03],\n",
       "       [4.54758515e-02, 9.49827046e-01, 4.69710270e-03],\n",
       "       [1.30235531e-01, 8.65792743e-01, 3.97172609e-03],\n",
       "       [1.16335045e-01, 8.80358364e-01, 3.30659115e-03],\n",
       "       [1.67286067e-02, 9.79326141e-01, 3.94525249e-03],\n",
       "       [2.17252081e-02, 9.74552251e-01, 3.72254070e-03],\n",
       "       [3.23400888e-01, 6.73500721e-01, 3.09839049e-03],\n",
       "       [1.54566197e-01, 8.39413426e-01, 6.02037769e-03],\n",
       "       [5.60277386e-01, 4.36508548e-01, 3.21406567e-03],\n",
       "       [2.82342823e-02, 9.68487709e-01, 3.27800837e-03],\n",
       "       [3.36139546e-02, 9.63997746e-01, 2.38829981e-03],\n",
       "       [5.01925294e-01, 4.96228131e-01, 1.84657445e-03],\n",
       "       [3.22059475e-02, 9.63864249e-01, 3.92980358e-03],\n",
       "       [6.95981491e-03, 9.90703134e-01, 2.33705084e-03],\n",
       "       [7.60743412e-02, 9.20044992e-01, 3.88066700e-03],\n",
       "       [3.76928561e-02, 9.58935665e-01, 3.37147901e-03],\n",
       "       [5.09248795e-03, 9.93224550e-01, 1.68296213e-03],\n",
       "       [7.50903880e-03, 9.89850056e-01, 2.64090533e-03],\n",
       "       [4.08944972e-02, 9.53843190e-01, 5.26231330e-03],\n",
       "       [1.06414877e-01, 8.84694668e-01, 8.89045477e-03],\n",
       "       [1.59770005e-02, 9.81251464e-01, 2.77153551e-03],\n",
       "       [9.16937726e-02, 9.02486266e-01, 5.81996107e-03],\n",
       "       [1.08672190e-02, 9.86100697e-01, 3.03208405e-03],\n",
       "       [2.29258161e-01, 7.66607076e-01, 4.13476303e-03],\n",
       "       [4.18697799e-02, 9.54867785e-01, 3.26243518e-03],\n",
       "       [1.00000000e+00, 1.17616402e-10, 1.17100229e-10],\n",
       "       [9.99996125e-01, 2.43835799e-06, 1.43617273e-06],\n",
       "       [9.99999999e-01, 5.51122489e-10, 7.20207871e-10],\n",
       "       [8.67441281e-01, 1.18128966e-01, 1.44297530e-02],\n",
       "       [9.99999074e-01, 5.90127349e-07, 3.35837948e-07],\n",
       "       [9.87886952e-01, 8.79898063e-03, 3.31406705e-03],\n",
       "       [9.99986500e-01, 7.18213519e-06, 6.31809150e-06],\n",
       "       [8.56965230e-02, 8.82585465e-01, 3.17180116e-02],\n",
       "       [9.99999820e-01, 1.12463484e-07, 6.73310547e-08],\n",
       "       [4.47077242e-01, 4.93071116e-01, 5.98516423e-02],\n",
       "       [1.28489222e-01, 8.36112410e-01, 3.53983679e-02],\n",
       "       [9.97532473e-01, 1.93621298e-03, 5.31313806e-04],\n",
       "       [9.98925147e-01, 9.56828231e-04, 1.18024681e-04],\n",
       "       [9.99847284e-01, 9.37325043e-05, 5.89834562e-05],\n",
       "       [9.23478970e-01, 7.03543187e-02, 6.16671095e-03],\n",
       "       [9.99999953e-01, 3.11520913e-08, 1.56445852e-08],\n",
       "       [9.68757572e-01, 2.18680159e-02, 9.37441229e-03],\n",
       "       [9.93774865e-01, 5.29668473e-03, 9.28450723e-04],\n",
       "       [9.99924752e-01, 5.65553001e-05, 1.86931357e-05],\n",
       "       [9.43377377e-01, 5.09459561e-02, 5.67666673e-03],\n",
       "       [9.98359161e-01, 8.55330249e-04, 7.85508964e-04],\n",
       "       [9.99692402e-01, 2.61172086e-04, 4.64256525e-05],\n",
       "       [9.99987491e-01, 7.02677396e-06, 5.48188737e-06],\n",
       "       [9.99863074e-01, 8.69933173e-05, 4.99322088e-05],\n",
       "       [9.99995595e-01, 3.29468436e-06, 1.11014963e-06],\n",
       "       [9.99999774e-01, 1.54693688e-07, 7.08295001e-08],\n",
       "       [9.99999993e-01, 3.76306284e-09, 3.28558334e-09],\n",
       "       [9.99999963e-01, 1.51997931e-08, 2.16314898e-08],\n",
       "       [9.99377407e-01, 4.31865940e-04, 1.90727442e-04],\n",
       "       [9.65231084e-01, 3.27545532e-02, 2.01436233e-03],\n",
       "       [8.58829799e-01, 1.29673193e-01, 1.14970086e-02],\n",
       "       [8.51148312e-01, 1.38593020e-01, 1.02586687e-02],\n",
       "       [9.91004292e-01, 7.95573428e-03, 1.03997342e-03],\n",
       "       [9.99575805e-01, 1.96357599e-04, 2.27837092e-04],\n",
       "       [8.63414022e-01, 9.66502804e-02, 3.99356972e-02],\n",
       "       [9.99387311e-01, 3.79367041e-04, 2.33321877e-04],\n",
       "       [9.99999961e-01, 2.09261510e-08, 1.79658860e-08],\n",
       "       [9.99980608e-01, 1.50574917e-05, 4.33402988e-06],\n",
       "       [9.57966375e-01, 3.47369011e-02, 7.29672407e-03],\n",
       "       [8.78618690e-01, 1.07066081e-01, 1.43152288e-02],\n",
       "       [9.28367719e-01, 5.64075852e-02, 1.52246962e-02],\n",
       "       [9.99836515e-01, 1.04779689e-04, 5.87055518e-05],\n",
       "       [9.91677812e-01, 7.25917416e-03, 1.06301340e-03],\n",
       "       [1.20570059e-01, 8.49854324e-01, 2.95756179e-02],\n",
       "       [9.58425507e-01, 3.43562415e-02, 7.21825132e-03],\n",
       "       [9.85229068e-01, 1.18281716e-02, 2.94276077e-03],\n",
       "       [9.83788497e-01, 1.30834366e-02, 3.12806668e-03],\n",
       "       [9.99937778e-01, 4.71855031e-05, 1.50368168e-05],\n",
       "       [1.40435227e-01, 8.38760555e-01, 2.08042183e-02],\n",
       "       [9.81208516e-01, 1.57740151e-02, 3.01746909e-03],\n",
       "       [9.99984099e-01, 1.31044717e-06, 1.45900787e-05],\n",
       "       [9.95804657e-01, 1.93651272e-03, 2.25882999e-03],\n",
       "       [1.00000000e+00, 4.13102298e-12, 3.82949301e-11],\n",
       "       [9.99989931e-01, 2.17413850e-06, 7.89499436e-06],\n",
       "       [9.99999185e-01, 1.10724175e-07, 7.03881648e-07],\n",
       "       [1.00000000e+00, 4.63583549e-17, 2.07545700e-15],\n",
       "       [2.20001416e-01, 5.97617832e-01, 1.82380752e-01],\n",
       "       [1.00000000e+00, 3.84250894e-14, 7.50448945e-13],\n",
       "       [9.99999969e-01, 5.37062355e-09, 2.60490520e-08],\n",
       "       [1.00000000e+00, 4.30145631e-13, 9.65951227e-12],\n",
       "       [9.99999132e-01, 2.99114788e-07, 5.69339448e-07],\n",
       "       [9.99996870e-01, 1.05898691e-06, 2.07052486e-06],\n",
       "       [9.99999992e-01, 1.61738722e-09, 6.33718133e-09],\n",
       "       [9.87048523e-01, 6.89616512e-03, 6.05531192e-03],\n",
       "       [9.94511846e-01, 2.35032658e-03, 3.13782745e-03],\n",
       "       [9.99996042e-01, 1.04402390e-06, 2.91397871e-06],\n",
       "       [9.99999338e-01, 1.50887700e-07, 5.10698152e-07],\n",
       "       [1.00000000e+00, 3.39872292e-18, 3.42164274e-16],\n",
       "       [1.00000000e+00, 3.75338802e-18, 2.68124781e-16],\n",
       "       [9.99498160e-01, 2.85862018e-04, 2.15977800e-04],\n",
       "       [9.99999998e-01, 2.15453881e-10, 1.48439995e-09],\n",
       "       [9.69057908e-01, 1.68245546e-02, 1.41175375e-02],\n",
       "       [1.00000000e+00, 4.30749629e-18, 2.16404217e-16],\n",
       "       [9.99985712e-01, 7.48813483e-06, 6.80009431e-06],\n",
       "       [9.99999960e-01, 5.25684263e-09, 3.49710539e-08],\n",
       "       [1.00000000e+00, 4.14324473e-13, 5.19922422e-12],\n",
       "       [9.99945506e-01, 3.05980518e-05, 2.38957773e-05],\n",
       "       [9.99834220e-01, 8.21719289e-05, 8.36080177e-05],\n",
       "       [9.99996806e-01, 6.77182348e-07, 2.51639085e-06],\n",
       "       [1.00000000e+00, 5.68996864e-13, 4.15945265e-12],\n",
       "       [1.00000000e+00, 7.98648933e-15, 1.05678196e-13],\n",
       "       [1.00000000e+00, 5.13600328e-20, 3.00621544e-18],\n",
       "       [9.99996605e-01, 7.10757143e-07, 2.68464026e-06],\n",
       "       [9.99989867e-01, 4.40450096e-06, 5.72815583e-06],\n",
       "       [9.99906125e-01, 2.51343375e-05, 6.87408191e-05],\n",
       "       [1.00000000e+00, 1.36871051e-17, 2.46345616e-16],\n",
       "       [9.99984290e-01, 2.42300310e-06, 1.32872550e-05],\n",
       "       [9.99997278e-01, 6.06225616e-07, 2.11584280e-06],\n",
       "       [9.99435682e-01, 3.08116927e-04, 2.56201060e-04],\n",
       "       [9.99999998e-01, 3.37099629e-10, 1.20667712e-09],\n",
       "       [9.99999953e-01, 7.71358934e-09, 3.92774472e-08],\n",
       "       [9.99999998e-01, 6.05847792e-10, 1.29604978e-09],\n",
       "       [9.95804657e-01, 1.93651272e-03, 2.25882999e-03],\n",
       "       [9.99999991e-01, 8.30958158e-10, 8.08790990e-09],\n",
       "       [9.99999949e-01, 6.32931299e-09, 4.48906646e-08],\n",
       "       [9.99999951e-01, 1.48994862e-08, 3.36094146e-08],\n",
       "       [9.99985103e-01, 7.45165108e-06, 7.44545369e-06],\n",
       "       [9.99999171e-01, 2.74713541e-07, 5.54090486e-07],\n",
       "       [9.99945221e-01, 1.18529715e-05, 4.29261270e-05],\n",
       "       [9.98629869e-01, 5.74164406e-04, 7.95966517e-04]])"
      ]
     },
     "execution_count": 68,
     "metadata": {},
     "output_type": "execute_result"
    }
   ],
   "source": [
    "test = MOG(X, 3)\n",
    "test.p\n",
    "\n"
   ]
  },
  {
   "cell_type": "code",
   "execution_count": 51,
   "id": "4a57e290",
   "metadata": {},
   "outputs": [
    {
     "data": {
      "text/plain": [
       "(150, 4)"
      ]
     },
     "execution_count": 51,
     "metadata": {},
     "output_type": "execute_result"
    }
   ],
   "source": [
    "np.shape(X)"
   ]
  },
  {
   "cell_type": "code",
   "execution_count": 63,
   "id": "8676801a",
   "metadata": {},
   "outputs": [
    {
     "data": {
      "text/plain": [
       "3"
      ]
     },
     "execution_count": 63,
     "metadata": {},
     "output_type": "execute_result"
    }
   ],
   "source": [
    "a = np.array([[1,2]])\n",
    "b = np.array([[3,4],[4,3]])\n",
    "c = np.array([[2,3]])\n",
    "\n",
    "b[1,1]"
   ]
  },
  {
   "cell_type": "code",
   "execution_count": 61,
   "id": "37c6e377",
   "metadata": {},
   "outputs": [
    {
     "data": {
      "text/plain": [
       "7.0710678118654755"
      ]
     },
     "execution_count": 61,
     "metadata": {},
     "output_type": "execute_result"
    }
   ],
   "source": [
    "np.sqrt((b**2).sum())"
   ]
  },
  {
   "cell_type": "code",
   "execution_count": null,
   "id": "61d8c68a",
   "metadata": {},
   "outputs": [],
   "source": []
  },
  {
   "cell_type": "code",
   "execution_count": null,
   "id": "472a656e",
   "metadata": {},
   "outputs": [],
   "source": []
  },
  {
   "cell_type": "code",
   "execution_count": null,
   "id": "23456c9b",
   "metadata": {},
   "outputs": [],
   "source": []
  },
  {
   "cell_type": "code",
   "execution_count": null,
   "id": "e179f531",
   "metadata": {},
   "outputs": [],
   "source": []
  },
  {
   "cell_type": "code",
   "execution_count": null,
   "id": "34be70e4",
   "metadata": {},
   "outputs": [],
   "source": []
  },
  {
   "cell_type": "code",
   "execution_count": null,
   "id": "0e5c012e",
   "metadata": {},
   "outputs": [],
   "source": []
  },
  {
   "cell_type": "code",
   "execution_count": null,
   "id": "b0f23575",
   "metadata": {},
   "outputs": [],
   "source": []
  },
  {
   "cell_type": "code",
   "execution_count": null,
   "id": "3c59e95b",
   "metadata": {},
   "outputs": [],
   "source": []
  },
  {
   "cell_type": "code",
   "execution_count": null,
   "id": "d851ecdb",
   "metadata": {},
   "outputs": [],
   "source": []
  },
  {
   "cell_type": "code",
   "execution_count": null,
   "id": "5c752cd2",
   "metadata": {},
   "outputs": [],
   "source": []
  }
 ],
 "metadata": {
  "kernelspec": {
   "display_name": "Python 3",
   "language": "python",
   "name": "python3"
  },
  "language_info": {
   "codemirror_mode": {
    "name": "ipython",
    "version": 3
   },
   "file_extension": ".py",
   "mimetype": "text/x-python",
   "name": "python",
   "nbconvert_exporter": "python",
   "pygments_lexer": "ipython3",
   "version": "3.8.8"
  }
 },
 "nbformat": 4,
 "nbformat_minor": 5
}
